0.4644
0.8591
1.0449
1.0797
1.1958
1.9737
2.5078
2.9722
3.2508
4.3770
4.5743
4.7020
5.1780
5.5612
5.6657
5.8050
6.1068
6.5712
7.0821
7.1866
7.6974
7.8483
8.4521
8.8004
9.2299
9.4505
9.5666
9.7408
9.9033
10.0891
10.2516
10.5535
11.5403
11.9234
12.1905
12.4807
12.7245
12.7594
13.0961
13.4908
14.1874
14.5009
14.9769
15.1975
15.5458
15.6038
15.9637
16.0914
17.0434
17.0783
17.3221
17.4846
18.2741
18.7501
18.9475
19.3074
19.4815
19.7486
19.9692
20.3291
20.4800
20.9676
21.2579
21.7339
22.2331
22.5814
23.0342
23.7888
23.8237
24.1255
24.4158
24.5087
24.7641
25.0427
25.3910
25.6813
26.0180
26.2966
26.4940
26.6565
26.7958
26.9468
27.1093
27.2834
27.4344
27.5737
27.7478
27.9104
28.0613
28.2122
28.3864
28.5489
28.6999
28.7695
28.8508
29.1875
29.3268
29.4777
29.6403
29.8028
29.9654
30.1163
30.2788
30.4298
30.5923
30.7316
30.9174
31.0683
31.2308
31.3005
31.3702
31.7068
31.8578
31.9971
32.1712
32.3338
32.4847
32.6356
32.8098
32.9607
33.1117
33.2742
33.5993
33.7618
33.9011
34.0753
34.2378
34.3771
34.5281
34.6906
34.8532
35.0157
35.1666
35.3292
35.4801
35.6426
35.7820
35.9677
36.1186
36.2812
37.0474
37.2100
37.2564
37.4073
37.5351
37.7440
38.0227
38.1736
38.3245
38.6496
38.8702
38.9515
39.1372
39.4391
39.5552
39.5900
39.7061
39.8571
39.9035
40.1473
40.2286
40.5420
40.7046
40.8439
41.1806
41.3315
41.4012
41.4824
41.9585
42.1094
42.2719
42.4112
42.7479
42.9105
43.0382
43.2239
43.3749
43.8625
43.9322
44.0134
44.3385
44.4894
44.5475
44.6404
44.8610
44.9654
45.2789
45.4415
45.5924
45.7433
45.8942
46.1961
46.3354
46.4515
46.5444
46.8346
47.0204
47.1713
47.3339
47.5312
47.8099
47.9144
47.9724
48.1234
48.2743
48.4252
48.7387
48.9709
49.4817
49.5398
49.6907
49.8649
49.9810
50.1783
50.3293
50.6543
50.8053
50.8981
50.9562
51.2813
51.4438
51.5947
52.0707
52.2101
52.3842
52.4771
52.7093
52.7673
52.8602
53.3246
53.4756
53.6729
54.0444
54.1141
54.2883
54.5901
54.7410
54.9152
55.0777
55.3215
55.6698
55.8556
55.9369
56.0065
56.3432
56.4941
56.6567
56.9702
57.2720
57.5971
57.6668
57.8990
58.2240
58.3517
58.5375
58.7000
58.8278
58.9903
59.1761
59.5011
59.7914
59.9655
60.1165
60.1861
60.3138
60.4299
60.7434
60.8595
61.0685
61.2310
61.3355
61.3936
61.5561
61.6838
61.7186
62.0205
62.1598
62.3224
62.4733
62.6590
62.8100
62.9377
63.1234
63.2395
63.4253
63.5414
63.5878
63.7388
63.8781
63.9361
64.2032
64.5515
64.6792
64.8649
65.0159
65.1668
65.4687
65.6196
65.8170
66.0492
66.1188
66.2233
66.3278
66.4555
66.5948
66.7341
66.7690
66.9315
67.0592
67.2334
67.3495
67.7094
68.0112
68.3363
68.4989
68.6382
68.8123
68.9633
69.0910
69.2535
69.2883
69.4393
69.5670
69.8921
70.0546
70.2055
70.3797
70.5306
70.8209
71.1459
71.1808
71.3317
71.4594
71.7729
71.9819
72.1096
72.2953
72.4230
72.5972
72.7365
72.9107
73.0616
73.2241
73.5260
73.7001
73.8627
74.0020
74.1761
74.3039
74.4896
74.6522
74.8031
75.2907
78.1119
78.4370
78.7505
80.0276
80.3759
80.6545
80.9912
81.2815
81.4324
81.6181
81.9200
82.0709
82.2451
82.5469
82.7559
83.1739
83.8008
83.9750
84.1259
84.2768
84.5903
84.7644
84.8922
85.0779
85.3914
85.7049
86.0299
86.3086
86.6685
86.7962
86.9703
87.2838
87.5857
88.0849
88.5493
88.8512
89.0601
89.2111
89.3852
89.8032
90.1050
90.7668
91.0803
91.3821
91.7072
91.8581
92.3458
92.6476
93.1585
93.2862
93.9131
94.0756
94.2034
94.3427
94.5168
94.7026
94.8419
95.1786
95.5037
95.7243
96.1190
96.4441
96.6763
96.9201
97.0246
97.3729
97.6980
98.0230
98.0927
98.1740
98.4642
98.7429
99.2305
99.5904
100.0548
100.8559
101.1926
101.4828
102.1214
102.4348
102.7483
103.0850
103.2243
103.8512
104.0138
104.5130
104.6756
104.9658
105.9178
106.5332
107.3226
107.7986
108.4488
109.0757
110.3296
110.9682
111.5951
112.3846
112.8490
113.4875
114.1261
114.5905
114.9156
115.0781
115.3683
115.8560
115.9140
116.6222
117.2724
117.4117
117.5859
117.8877
118.2244
118.5379
119.1764
119.6408
119.9543
120.4303
121.0688
121.6842
122.0093
122.3111
122.4853
122.6478
122.8103
122.9497
123.2863
123.5998
123.9133
124.2268
124.6447
124.9001
125.0162
125.1904
125.4690
125.8057
125.9566
126.0495
126.1308
126.7229
127.3847
127.5240
127.9884
128.6502
128.9752
129.2771
129.6254
129.7647
130.0666
130.2407
130.5194
131.1811
131.8081
132.4350
132.5859
132.7601
133.0503
133.6889
134.0256
134.3274
134.8151
135.1285
135.2911
135.5813
135.9064
136.1502
136.8352
137.4970
137.6363
137.8104
138.1123
138.4258
138.7624
139.3778
139.8654
140.1789
140.3414
140.6433
141.2818
141.8971
142.5357
142.6866
143.1510
143.8012
144.1263
144.4281
144.9157
145.0551
145.2292
145.5078
145.7052
145.7981
146.1232
146.2393
149.1534
149.3740
149.5597
149.7571
149.9080
150.2447
150.3260
150.9413
151.3244
153.2401
153.3446
153.6116
154.1341
154.2502
154.5404
154.7146
154.8771
155.0164
155.0629
155.2138
155.3415
155.3763
155.5156
155.7130
155.7711
155.9452
155.9917
156.4096
157.1178
157.1527
158.1627
158.4065
158.8825
159.0683
159.2424
159.4514
159.5095
159.6140
160.0435
160.2873
160.7053
160.8446
160.9375
161.1349
161.3439
161.4251
162.1798
162.2378
162.5861
162.6326
162.7719
162.9344
163.5730
163.7239
163.8748
164.2347
164.6295
164.8152
165.0010
165.3145
165.7324
165.8485
166.1620
166.3594
166.5451
166.8122
166.8818
167.0327
167.1721
167.2417
167.4971
167.6945
167.7874
168.1473
168.2634
168.4492
168.6349
168.7742
169.0529
169.0877
169.4128
169.6914
170.0281
170.3184
170.4809
170.6318
170.9569
171.1311
171.1659
171.2820
171.4329
171.5955
171.9322
172.0715
172.2340
172.4082
172.5359
172.7216
172.8493
172.9538
173.0583
173.1628
173.2673
173.3718
173.4879
173.5924
173.6969
173.8130
173.9175
173.9987
174.1032
174.1380
174.6257
174.7534
175.1017
175.2294
175.4035
175.5429
175.7170
176.0073
176.1814
176.3323
176.6342
176.6806
177.1102
177.2611
177.4701
177.7488
177.9229
178.0622
178.2132
178.5382
178.7008
178.8633
179.1652
179.5135
179.6644
179.8037
180.1288
180.2913
180.4539
180.6048
180.7557
181.0692
181.2317
181.4059
181.6961
182.1838
182.3347
182.6598
182.8107
182.9732
183.1126
183.2751
183.6002
183.7511
183.9137
184.1342
184.7147
184.8424
185.3417
185.4926
185.6435
185.8061
186.1079
186.2821
186.4446
186.7465
187.0716
187.2341
187.3734
187.6985
187.8610
188.0352
188.3371
188.6389
188.8247
188.9756
189.2775
189.7767
189.9160
190.3920
190.5429
190.6939
190.8564
191.1815
191.8084
192.2961
192.4470
192.9346
193.0739
193.3874
193.5383
193.6893
193.8518
194.0143
194.1653
194.3394
194.9663
195.3030
196.2434
196.5453
196.8704
197.5089
198.0546
198.1475
198.2868
198.4493
198.7744
198.9370
199.3898
200.0167
200.5159
200.6785
200.8062
200.9687
201.1429
201.2822
201.7582
201.9091
202.0833
202.2458
202.5361
202.6986
202.7334
202.8031
203.0121
203.1862
203.3255
203.4881
203.7203
203.8015
204.3472
204.7768
205.0786
205.7520
205.8681
206.0190
206.3325
206.9595
207.5864
208.2482
208.3759
208.8054
208.8635
209.3627
209.4904
210.1290
210.4541
210.5702
210.7675
211.0694
211.3829
211.5570
212.0214
212.2304
212.6483
212.9502
213.2869
213.4378
213.6004
213.8442
213.9254
214.0880
214.5640
214.9007
215.2025
215.3070
215.6089
215.9804
216.4448
216.7815
217.0834
217.7103
217.8612
218.0238
218.3256
218.4998
218.6507
218.9758
219.1383
219.6027
220.0903
220.2297
221.0075
221.1701
221.3326
221.4835
221.8318
222.1221
222.3195
222.7606
223.2599
223.4108
223.5501
223.9449
225.2568
225.2916
225.4425
225.5819
225.9185
226.0811
226.2320
226.5571
227.1724
227.8110
228.4611
228.6121
229.0765
229.2390
229.7150
230.3303
230.5161
230.6554
230.7947
230.9689
231.1314
231.2591
231.5146
231.6074
231.9325
232.1415
232.5711
232.8729
233.1051
233.4302
233.6392
233.7669
234.1036
234.4403
234.6028
235.2065
235.7058
236.0541
236.2050
236.4604
